164.730
170.836
170.000
198.621
183.208
198.808
171.234
176.589
176.072
182.771
195.114
186.913
175.256
165.750
165.637
190.963
196.314
198.474
172.717
171.058
170.272
198.417
231.117
227.671
190.424
187.521
187.700
165.054
172.840
177.283
176.196
169.311
163.817
193.493
198.378
200.830
189.446
188.936
185.515
188.928
201.381
201.572
166.176
171.077
164.948
186.739
186.416
185.618
199.085
203.659
183.999
167.682
171.678
172.900
165.549
170.438
175.363
206.285
209.220
205.362
164.639
169.947
170.495
182.556
192.215
186.020
169.507
170.245
162.749
186.604
189.612
185.556
166.434
164.301
168.977
170.401
170.635
166.036
165.811
164.272
191.859
172.078
172.561
164.203
167.615
171.904
165.517
165.118
175.238
171.806
164.423
179.393
177.627
189.343
184.744
202.128
168.222
171.516
163.332
183.869
198.301
203.204
170.366
166.583
164.175
197.669
204.466
199.800
199.549
211.451
205.144
164.528
170.953
171.953
189.172
184.697
195.688
194.593
190.070
192.867
195.889
193.485
203.531
174.410
166.440
164.989
193.771
187.999
202.078
165.098
171.018
161.814
168.715
164.440
170.920
171.612
172.715
167.885
201.551
224.681
224.202
165.458
165.426
165.812
186.150
193.590
194.324
186.831
201.306
191.832
168.525
167.945
176.329
167.302
175.762
163.385
170.732
169.532
175.062
166.551
167.856
166.871
172.705
163.094
171.417
171.097
163.431
164.631
164.493
165.066
166.982
194.401
181.862
188.872
200.000
196.529
189.515
199.248
193.196
186.379
168.356
172.928
169.500
193.655
197.618
191.344
168.047
171.038
164.334
194.858
181.649
190.488
167.441
164.973
177.116
191.847
199.710
200.785
170.475
173.492
169.339
183.596
187.299
201.944
201.144
199.072
184.216
172.455
179.751
179.354
167.281
166.762
167.336
179.817
166.589
175.661
190.589
188.811
182.316
172.207
174.562
174.608
189.728
180.652
195.874
171.490
176.589
168.820
200.823
199.283
197.746
193.227
199.023
182.602
165.757
173.249
172.209
189.250
201.970
187.369
197.808
191.322
199.040
195.501
190.654
198.846
194.090
188.677
188.486
189.384
197.917
180.648
165.185
167.952
174.302
166.387
171.815
169.392
197.149
190.801
186.925
185.564
209.582
200.944
174.734
175.740
173.308
170.055
164.352
170.596
165.856
164.473
173.123
171.291
176.568
170.724
176.362
161.302
174.017
200.521
200.374
200.377
193.405
189.358
198.263
170.856
168.496
176.507
191.528
188.420
191.408
168.197
166.203
165.192
170.473
165.360
168.658
171.061
175.112
171.057
199.039
191.445
188.142
170.532
164.472
170.006
170.340
167.074
165.333
191.351
194.320
189.425
170.087
181.813
181.099
187.954
184.626
190.947
165.990
172.738
166.936
185.259
167.471
172.490
170.473
162.749
164.622
163.851
166.597
164.931
165.665
165.857
167.025
167.689
174.066
168.865
193.747
188.991
192.188
165.750
164.880
163.305
168.382
166.659
174.555
174.459
172.741
171.088
178.469
170.170
176.666
168.363
171.498
170.651
170.085
171.417
170.658
193.676
204.622
204.198
176.927
172.346
167.214
183.024
199.793
184.022
197.161
183.314
200.775
186.883
199.664
191.851
174.583
167.981
162.767
185.664
202.618
202.247
183.965
199.269
187.966
166.227
167.901
172.044
167.049
172.242
164.530
183.793
188.086
194.815
164.787
172.516
168.895
196.406
185.505
195.880
199.746
203.514
195.911
173.441
171.490
162.056
166.975
165.807
174.488
174.153
163.148
163.672
184.027
182.620
181.466
201.393
193.821
188.219
173.075
174.215
171.416
196.920
202.757
199.422
199.066
198.442
198.312
169.546
168.609
169.665
178.621
172.128
175.180
197.933
198.002
194.689
165.001
168.162
166.037
184.563
190.685
196.418
172.276
172.496
172.454
201.251
185.559
191.112
165.830
171.233
161.686
170.967
165.218
172.012
172.657
173.684
167.786
189.542
191.194
184.484
189.845
181.285
188.601
165.212
164.284
171.451
167.687
169.206
168.402
195.749
198.997
191.405
183.478
162.416
170.228
169.865
172.181
171.272
170.429
164.845
171.078
166.234
166.115
168.005
171.026
167.500
167.757
173.344
162.783
164.094
174.804
170.687
166.898
171.687
171.075
170.275
198.627
181.509
184.552
172.881
169.645
170.760
204.594
187.883
195.705
191.640
202.636
197.696
166.819
173.481
169.166
176.980
168.442
168.566
170.925
169.969
169.718
168.087
166.978
173.990
191.244
186.452
199.765
165.818
171.459
168.971
204.598
187.082
185.708
203.087
197.117
189.470
173.918
171.686
168.092
191.338
188.042
200.204
202.072
199.753
202.071
189.676
189.285
196.970
172.723
181.653
180.769
167.438
170.645
170.020
169.559
183.934
181.461
241.565
201.522
195.076
170.085
172.234
166.021
165.317
162.786
162.396
173.948
168.964
165.199
201.319
191.768
201.407
164.644
170.762
164.966
199.849
188.340
198.523
168.462
168.359
181.028
165.807
169.336
169.961
171.531
167.852
175.723
189.912
182.606
195.185
179.909
171.366
171.039
191.583
198.398
186.547
191.855
198.157
190.920
197.079
192.051
186.022
167.268
170.979
173.814
183.126
162.820
169.530
166.434
169.737
166.582
167.376
172.082
171.592
174.333
179.844
167.154
197.856
194.831
198.367
172.142
163.132
175.319
184.242
205.161
192.029
202.757
196.491
199.175
165.670
168.364
163.545
191.557
187.843
190.296
184.787
205.148
201.996
165.844
166.137
172.629
268.903
210.615
210.633
166.433
174.541
170.537
175.465
168.175
174.442
172.180
169.898
168.272
173.873
170.917
171.508
167.866
168.172
172.284
201.705
191.357
198.861
171.266
169.276
171.052
164.563
171.195
170.287
173.410
166.064
177.350
173.646
165.742
168.345
172.768
164.838
166.134
190.375
195.688
187.382
171.054
165.680
170.779
166.257
170.986
172.886
203.532
187.020
186.904
196.694
186.648
196.466
179.064
169.680
165.555
200.457
186.037
198.604
187.632
196.627
184.796
209.958
200.708
197.439
171.444
167.316
167.317
189.653
196.069
188.348
183.767
195.611
202.477
171.016
173.938
168.126
172.990
171.207
171.068
190.957
210.097
204.002
202.209
191.926
184.621
185.464
183.831
191.562
167.541
171.967
173.672
190.133
199.058
187.426
167.184
173.749
172.115
209.037
188.648
198.246
173.771
167.242
177.724
165.850
167.988
165.925
184.567
164.680
176.417
195.051
202.588
185.195
175.953
170.548
169.407
193.333
198.007
196.848
168.944
169.363
171.209
172.733
176.926
170.228
190.318
202.221
202.218
195.714
186.706
201.848
189.862
196.229
190.635
172.822
168.451
170.347
198.859
196.905
200.211
175.771
166.463
163.650
192.013
211.497
210.358
197.563
181.783
187.759
175.872
180.343
174.828
197.403
185.328
191.784
199.416
199.457
201.883
186.339
195.661
190.910
172.926
171.886
167.443
199.970
195.234
186.745
201.669
184.815
199.969
174.352
170.945
170.165
171.610
176.090
164.946
164.698
175.679
171.110
197.014
203.703
189.725
190.307
190.961
199.294
165.696
172.362
165.067
203.779
196.128
200.389
200.456
193.383
198.908
167.110
168.745
166.593
172.517
174.229
173.122
172.391
172.619
170.398
186.692
202.235
187.532
198.136
183.125
188.088
195.727
190.441
193.893
173.376
170.766
166.592
174.647
165.630
171.166
190.955
201.762
200.900
165.858
169.974
174.044
190.306
199.946
185.880
201.184
198.580
186.979
